image_width: 1920
image_height: 1080
camera_name: rayfin
camera_matrix:
  rows: 3
  cols: 3
  data: [1578.469448, 0.000000, 922.269130, 0.000000, 1589.484960, 526.321656, 0.000000, 0.000000, 1.000000]
distortion_model: plumb_bob
distortion_coefficients:
  rows: 1
  cols: 5
  data: [0.153466, -0.212117, 0.000434, -0.004836, 0.000000]
rectification_matrix:
  rows: 3
  cols: 3
  data: [1.000000, 0.000000, 0.000000, 0.000000, 1.000000, 0.000000, 0.000000, 0.000000, 1.000000]
projection_matrix:
  rows: 3
  cols: 4
  data: [1621.407227, 0.000000, 913.888517, 0.000000, 0.000000, 1640.884399, 526.689823, 0.000000, 0.000000, 0.000000, 1.000000, 0.000000]
